1.95387e+009 44202.6 1 71351.3 0 0 0 0 0 0 11 +-
6.14751e+008 24794.2 2 -75175.9 34032.7 0 0 0 0 0 337 ++
1.83676e+007 4285.75 2 1678 0 663.555 0 0 0 0 298 ++
2.20919e+006 1486.34 3 22804 -7665.01 776.656 0 0 0 0 819 ++
168344 410.297 3 13272.7 0 -298.609 174.981 0 0 0 646 --
191311 437.391 4 13510.9 -170.505 -276.866 171.485 0 0 0 1385 --
1.716e+006 1309.96 3 9059.84 0 442.888 0 1.0508 0 0 739 --
168815 410.871 4 13732.2 0 -389.341 196.868 -0.141025 0 0 1187 **
440968 664.055 5 2668.29 12222.5 -3173.27 744.192 -2.07152 0 0 1381 **
129042 359.224 4 11395.1 0 295.064 0 2.84484 -0.00569539 0 1341 **
109625 331.097 5 13002.5 -1081.18 368.932 0 2.33309 -0.00446256 0 2519 **
101112 317.982 5 12486.3 0 -7.03392 85.5135 1.60628 -0.00340692 0 2103 **
5.03206e+006 2243.23 6 -25365.9 49839.9 -13981.4 3099.21 -19.178 0.0223956 0 5001 --
86826.1 294.663 5 11829.7 0 246.875 0 3.91412 -0.0136935 1.90432e-005 2165 --
3.67248e+006 1916.37 6 -3971.47 0 5198.57 -1568.53 40.4345 -0.1614 0.000274187 2270 --
5.44411e+006 2333.26 7 -5467.45 315.111 5450.83 -1654.17 42.5849 -0.170159 0.000289292 2759 --
